1	57.0	1500345728	0.8563
6	58.0	1500345728	0.8563
11	59.0	1500345728	0.8563
16	61.0	1500345728	0.8563
21	61.0	1500398464	0.8563
26	61.0	1500398464	0.8563
31	63.0	1500345728	0.8563
36	63.0	1500345728	0.8563
41	65.0	1500398464	0.8563
46	64.0	1500345728	0.8563
52	66.0	1500345728	0.8563
57	66.0	1500345728	0.8563
62	66.0	1500398464	0.8563
67	66.0	1500398464	0.8563
72	67.0	1500345728	0.8563
77	67.0	1500345728	0.8563
82	67.0	1500345728	0.8563
87	67.0	1500398464	0.8563
93	68.0	1500345728	0.8563
98	70.0	1500345728	0.8563
103	69.0	1500345728	0.8563
108	69.0	1500345728	0.8563
113	68.0	1500345728	0.8563
118	69.0	1500398464	0.8563
123	70.0	1500398464	0.8563
128	69.0	1500345728	0.8563
134	69.0	1500398464	0.8563
139	70.0	1500398464	0.8563
144	70.0	1500345728	0.8563
149	70.0	1500398464	0.8563
154	70.0	1500398464	0.8563
159	71.0	1500345728	0.8563
165	72.0	1500345728	0.8563
170	72.0	1500345728	0.8563
175	71.0	1500398464	0.8563
180	71.0	1500398464	0.8563
185	70.0	1500345728	0.8563
190	72.0	1500345728	0.8563
196	71.0	1500345728	0.8563
201	72.0	1500398464	0.8563
206	72.0	1500345728	0.8563
211	72.0	1500345728	0.8563
216	72.0	1500398464	0.8563
221	73.0	1500345728	0.8563
226	72.0	1500345728	0.8563
232	73.0	1500398464	0.8563
237	72.0	1500345728	0.8563
242	72.0	1500345728	0.8563
247	73.0	1500398464	0.8563
252	72.0	1500345728	0.8563
257	72.0	1500345728	0.8563
263	72.0	1500345728	0.8563
268	73.0	1500398464	0.8563
273	72.0	1500398464	0.8563
278	73.0	1500398464	0.8563
283	73.0	1500345728	0.8563
288	72.0	1500345728	0.8563
293	73.0	1500398464	0.8563
299	73.0	1500345728	0.8563
304	73.0	1500398464	0.8563
309	73.0	1500398464	0.8563
314	73.0	1500398464	0.8563
319	74.0	1500345728	0.8563
324	75.0	1500398464	0.8563
329	74.0	1500345728	0.8563
335	74.0	1500345728	0.8563
340	74.0	1500345728	0.8563
345	75.0	1500345728	0.8563
350	74.0	1500398464	0.8563
355	74.0	1500345728	0.8563
360	74.0	1500345728	0.8563
365	74.0	1500398464	0.8563
371	74.0	1500345728	0.8563
376	75.0	1500345728	0.8563
381	75.0	1500398464	0.8563
386	73.0	1500345728	0.8563
391	75.0	1500345728	0.8563
396	74.0	1500345728	0.8563
401	74.0	1500345728	0.8563
407	75.0	1500398464	0.8563
412	75.0	1500345728	0.8563
417	74.0	1500398464	0.8563
422	75.0	1500398464	0.8563
427	74.0	1500345728	0.8563
432	75.0	1500398464	0.8563
438	74.0	1500398464	0.8563
443	75.0	1500345728	0.8563
448	74.0	1500345728	0.8563
453	75.0	1500345728	0.8563
458	74.0	1500345728	0.8563
463	75.0	1500398464	0.8563
468	75.0	1500345728	0.8563
474	74.0	1500398464	0.8563
479	75.0	1500345728	0.8563
484	75.0	1500345728	0.8563
489	75.0	1500398464	0.8563
494	75.0	1500345728	0.8563
499	76.0	1500345728	0.8563
504	76.0	1500398464	0.8563
510	73.0	1500398464	0.8563
515	75.0	1500345728	0.8563
520	75.0	1500398464	0.8563
525	75.0	1500345728	0.8563
530	74.0	1500345728	0.8563
535	75.0	1500398464	0.8563
540	75.0	1500345728	0.8563
546	74.0	1500398464	0.8563
551	75.0	1500345728	0.8563
556	74.0	1500398464	0.8563
561	75.0	1500398464	0.8563
566	75.0	1500345728	0.8563
571	76.0	1500345728	0.8563
577	76.0	1500398464	0.8563
582	76.0	1500398464	0.8563
587	76.0	1500345728	0.8563
592	75.0	1500398464	0.8563
597	75.0	1500398464	0.8563
602	76.0	1500345728	0.8563
607	77.0	1500345728	0.8563
613	76.0	1500345728	0.8563
618	76.0	1500345728	0.8563
623	77.0	1500398464	0.8563
628	76.0	1500398464	0.8563
633	76.0	1500345728	0.8563
638	76.0	1500345728	0.8563
643	75.0	1500398464	0.8563
648	75.0	1500345728	0.8563
654	77.0	1500345728	0.8563
659	76.0	1500398464	0.8563
664	76.0	1500345728	0.8563
669	76.0	1500345728	0.8563
674	75.0	1500345728	0.8563
679	75.0	1500398464	0.8563
684	76.0	1500398464	0.8563
690	76.0	1500398464	0.8563
695	77.0	1500345728	0.8563
700	76.0	1500345728	0.8563
705	76.0	1500398464	0.8563
710	76.0	1500398464	0.8563
715	75.0	1500398464	0.8563
720	77.0	1500398464	0.8563
725	76.0	1500345728	0.8563
731	76.0	1500345728	0.8563
736	77.0	1500345728	0.8563
741	75.0	1500345728	0.8563
746	77.0	1500398464	0.8563
751	76.0	1500345728	0.8563
756	76.0	1500345728	0.8563
762	76.0	1500345728	0.8563
767	76.0	1500345728	0.8563
772	76.0	1500345728	0.8563
777	76.0	1500345728	0.8563
782	76.0	1500398464	0.8563
787	76.0	1500345728	0.8563
792	76.0	1500345728	0.8563
797	76.0	1500398464	0.8563
803	76.0	1500398464	0.8563
808	76.0	1500398464	0.8563
813	77.0	1500345728	0.8563
818	76.0	1500345728	0.8563
823	76.0	1500398464	0.8563
828	77.0	1500398464	0.8563
834	76.0	1500398464	0.8563
839	76.0	1500398464	0.8563
844	76.0	1500345728	0.8563
849	76.0	1500345728	0.8563
854	76.0	1500345728	0.8563
859	75.0	1500345728	0.8563
865	76.0	1500398464	0.8563
870	76.0	1500345728	0.8563
875	76.0	1500398464	0.8563
880	75.0	1500345728	0.8563
885	77.0	1500398464	0.8563
890	76.0	1500398464	0.8563
896	77.0	1500345728	0.8563
901	76.0	1500398464	0.8563
906	76.0	1500345728	0.8563
911	76.0	1500398464	0.8563
916	75.0	1500398464	0.8563
921	76.0	1500398464	0.8563
927	77.0	1500345728	0.8563
932	77.0	1500345728	0.8563
937	77.0	1500345728	0.8563
942	77.0	1500345728	0.8563
947	77.0	1500398464	0.8563
952	77.0	1500398464	0.8563
957	77.0	1500345728	0.8563
962	76.0	1500345728	0.8563
968	77.0	1500345728	0.8563
973	76.0	1500345728	0.8563
978	77.0	1500398464	0.8563
983	76.0	1500398464	0.8563
988	77.0	1500398464	0.8563
993	75.0	1500345728	0.8563
998	76.0	1500345728	0.8563
1003	77.0	1500398464	0.8563
1009	76.0	1500345728	0.8563
1014	77.0	1500398464	0.8563
1019	76.0	1500398464	0.8563
1024	77.0	1500345728	0.8563
1029	77.0	1500398464	0.8563
1034	77.0	1500345728	0.8563
1039	78.0	1500345728	0.8563
1045	77.0	1500345728	0.8563
1050	76.0	1500345728	0.8563
1055	77.0	1500345728	0.8563
1060	77.0	1500345728	0.8563
1065	77.0	1500345728	0.8563
1070	77.0	1500345728	0.8563
1075	76.0	1500398464	0.8563
1081	78.0	1500345728	0.8563
1086	78.0	1500345728	0.8563
1091	78.0	1500345728	0.8563
1096	77.0	1500345728	0.8563
1101	77.0	1500398464	0.8563
1106	77.0	1500345728	0.8563
1111	77.0	1500345728	0.8563
1117	76.0	1500398464	0.8563
1122	77.0	1500345728	0.8563
1127	77.0	1500345728	0.8563
1132	77.0	1500345728	0.8563
1137	77.0	1500345728	0.8563
1142	78.0	1500345728	0.8563
1147	77.0	1500398464	0.8563
1152	78.0	1500398464	0.8563
1158	77.0	1500345728	0.8563
1163	76.0	1500345728	0.8563
1168	77.0	1500345728	0.8563
1173	77.0	1500398464	0.8563
1178	77.0	1500398464	0.8563
1183	77.0	1500398464	0.8563
1188	77.0	1500398464	0.8563
1194	77.0	1500345728	0.8563
1199	78.0	1500345728	0.8563
1204	77.0	1500345728	0.8563
1209	77.0	1500345728	0.8563
1214	77.0	1500398464	0.8563
1219	77.0	1500345728	0.8563
1225	77.0	1500398464	0.8563
1230	77.0	1500345728	0.8563
1235	78.0	1500398464	0.8563
1240	77.0	1500345728	0.8563
1245	78.0	1500398464	0.8563
1250	77.0	1500345728	0.8563
1256	78.0	1500345728	0.8563
1261	78.0	1500345728	0.8563
1266	76.0	1500398464	0.8563
1271	77.0	1500345728	0.8563
1276	77.0	1500398464	0.8563
1281	77.0	1500398464	0.8563
1286	78.0	1500345728	0.8563
1292	78.0	1500398464	0.8563
1297	78.0	1500345728	0.8563
1302	78.0	1500345728	0.8563
1307	78.0	1500345728	0.8563
1312	77.0	1500345728	0.8563
1318	77.0	1500398464	0.8563
1323	77.0	1500398464	0.8563
1328	78.0	1500398464	0.8563
1333	77.0	1500398464	0.8563
1338	77.0	1500345728	0.8563
1343	77.0	1500398464	0.8563
1349	78.0	1500398464	0.8563
1354	77.0	1500398464	0.8563
1359	78.0	1500345728	0.8563
1364	77.0	1500345728	0.8563
1369	77.0	1500345728	0.8563
1374	78.0	1500345728	0.8563
1380	78.0	1500398464	0.8563
1385	78.0	1500398464	0.8563
1390	76.0	1500345728	0.8563
1395	77.0	1500398464	0.8563
1400	77.0	1500398464	0.8563
1405	78.0	1500398464	0.8563
1410	78.0	1500398464	0.8563
1416	78.0	1500345728	0.8563
1421	78.0	1500398464	0.8563
1426	79.0	1500345728	0.8563
1431	78.0	1500398464	0.8563
1436	78.0	1500398464	0.8563
1441	77.0	1500345728	0.8563
1447	78.0	1500345728	0.8563
1452	77.0	1500398464	0.8563
1457	77.0	1500345728	0.8563
1462	78.0	1500345728	0.8563
1467	77.0	1500345728	0.8563
1472	79.0	1500345728	0.8563
1478	78.0	1500398464	0.8563
1483	78.0	1500345728	0.8563
1488	79.0	1500345728	0.8563
1493	77.0	1500345728	0.8563
1498	78.0	1500345728	0.8563
1503	78.0	1500398464	0.8563
1508	78.0	1500345728	0.8563
1514	78.0	1500398464	0.8563
1519	78.0	1500345728	0.8563
1524	78.0	1500398464	0.8563
1529	77.0	1500345728	0.8563
1534	78.0	1500345728	0.8563
1539	77.0	1500398464	0.8563
1545	78.0	1500345728	0.8563
1550	78.0	1500345728	0.8563
1555	78.0	1500345728	0.8563
1560	78.0	1500398464	0.8563
1565	79.0	1500398464	0.8563
1570	77.0	1500345728	0.8563
1576	77.0	1500345728	0.8563
1581	77.0	1500345728	0.8563
1586	78.0	1500398464	0.8563
1591	78.0	1500345728	0.8563
1596	78.0	1500398464	0.8563
1601	78.0	1500345728	0.8563
1607	79.0	1500398464	0.8563
1612	77.0	1500345728	0.8563
1617	77.0	1500345728	0.8563
1622	78.0	1500398464	0.8563
1627	78.0	1500398464	0.8563
1632	78.0	1500345728	0.8563
1637	77.0	1500345728	0.8563
1643	77.0	1500398464	0.8563
1648	77.0	1500345728	0.8563
1653	79.0	1500345728	0.8563
1658	78.0	1500398464	0.8563
1663	77.0	1500345728	0.8563
1668	78.0	1500345728	0.8563
1673	77.0	1500398464	0.8563
1679	77.0	1500345728	0.8563
1684	77.0	1500345728	0.8563
1689	78.0	1500398464	0.8563
1694	78.0	1500345728	0.8563
1699	78.0	1500345728	0.8563
1704	78.0	1500345728	0.8563
1709	78.0	1500345728	0.8563
1715	78.0	1500345728	0.8563
1720	78.0	1500345728	0.8563
1725	78.0	1500345728	0.8563
1730	77.0	1500345728	0.8563
1735	78.0	1500398464	0.8563
1740	78.0	1500398464	0.8563
1746	77.0	1500345728	0.8563
1751	77.0	1500345728	0.8563
1756	78.0	1500398464	0.8563
1761	78.0	1500345728	0.8563
1766	78.0	1500345728	0.8563
1771	77.0	1500398464	0.8563
1776	78.0	1500398464	0.8563
1782	77.0	1500398464	0.8563
1787	79.0	1500398464	0.8563
1792	78.0	1500398464	0.8563
1797	78.0	1500398464	0.8563
1802	78.0	1500345728	0.8563
1807	78.0	1500345728	0.8563
1812	78.0	1500345728	0.8563
1818	78.0	1500345728	0.8563
1823	78.0	1500345728	0.8563
1828	78.0	1500345728	0.8563
1833	77.0	1500345728	0.8563
1838	78.0	1500398464	0.8563
1843	79.0	1500345728	0.8563
1848	78.0	1500398464	0.8563
1854	78.0	1500345728	0.8563
1859	78.0	1500345728	0.8563
1864	79.0	1500345728	0.8563
1869	77.0	1500345728	0.8563
1874	78.0	1500398464	0.8563
1879	78.0	1500398464	0.8563
1884	79.0	1500345728	0.8563
1890	78.0	1500345728	0.8563
1895	80.0	1500345728	0.8563
1900	78.0	1500398464	0.8563
1905	79.0	1500398464	0.8563
1910	79.0	1500398464	0.8563
1915	78.0	1500345728	0.8563
1921	78.0	1500398464	0.8563
1926	78.0	1500345728	0.8563
1931	78.0	1500345728	0.8563
1936	78.0	1500345728	0.8563
1941	78.0	1500345728	0.8563
1946	78.0	1500398464	0.8563
1951	78.0	1500345728	0.8563
1957	79.0	1500345728	0.8563
1962	78.0	1500345728	0.8563
1967	78.0	1500398464	0.8563
1972	78.0	1500398464	0.8563
1977	78.0	1500345728	0.8563
1983	78.0	1500398464	0.8563
1988	79.0	1500398464	0.8563
1993	78.0	1500345728	0.8563
1998	78.0	1500398464	0.8563
2003	79.0	1500345728	0.8563
2008	79.0	1500345728	0.8563
2013	77.0	1500345728	0.8563
2019	79.0	1500345728	0.8563
2024	79.0	1500398464	0.8563
2029	78.0	1500345728	0.8563
2034	79.0	1500345728	0.8563
2039	78.0	1500345728	0.8563
2044	78.0	1500398464	0.8563
2050	79.0	1500345728	0.8563
2055	77.0	1500398464	0.8563
2060	78.0	1500398464	0.8563
2065	79.0	1500398464	0.8563
2070	78.0	1500398464	0.8563
2075	78.0	1500398464	0.8563
2080	78.0	1500345728	0.8563
2086	78.0	1500345728	0.8563
2091	78.0	1500345728	0.8563
2096	79.0	1500345728	0.8563
2101	79.0	1500398464	0.8563
2106	78.0	1500398464	0.8563
2111	78.0	1500345728	0.8563
2117	78.0	1500345728	0.8563
2122	78.0	1500345728	0.8563
2127	79.0	1500345728	0.8563
2132	79.0	1500398464	0.8563
2137	78.0	1500345728	0.8563
2142	78.0	1500345728	0.8563
2148	77.0	1500345728	0.8563
2153	78.0	1500398464	0.8563
2158	79.0	1500398464	0.8563
2163	79.0	1500398464	0.8563
2168	78.0	1500398464	0.8563
2173	78.0	1500398464	0.8563
2178	77.0	1500345728	0.8563
2184	78.0	1500345728	0.8563
2189	77.0	1500345728	0.8563
2194	78.0	1500345728	0.8563
2199	78.0	1500398464	0.8563
2204	78.0	1500345728	0.8563
2209	78.0	1500345728	0.8563
2214	78.0	1500345728	0.8563
2220	79.0	1500398464	0.8563
2225	78.0	1500345728	0.8563
2230	79.0	1500345728	0.8563
2235	79.0	1500398464	0.8563
2240	79.0	1500398464	0.8563
2245	78.0	1500345728	0.8563
2250	79.0	1500345728	0.8563
2256	78.0	1500345728	0.8563
2261	79.0	1500398464	0.8563
2266	79.0	1500345728	0.8563
2271	79.0	1500345728	0.8563
2276	78.0	1500345728	0.8563
2281	79.0	1500345728	0.8563
2287	79.0	1500345728	0.8563
2292	79.0	1500345728	0.8563
2297	79.0	1500345728	0.8563
2302	78.0	1500345728	0.8563
2307	79.0	1500398464	0.8563
2312	79.0	1500345728	0.8563
2318	78.0	1500345728	0.8563
2323	79.0	1500345728	0.8563
2328	79.0	1500398464	0.8563
2333	79.0	1500398464	0.8563
2338	78.0	1500345728	0.8563
2343	78.0	1500345728	0.8563
2348	79.0	1500345728	0.8563
2354	78.0	1500345728	0.8563
2359	77.0	1500398464	0.8563
2364	79.0	1500398464	0.8563
2369	79.0	1500398464	0.8563
2374	79.0	1500398464	0.8563
2379	78.0	1500345728	0.8563
2384	79.0	1500345728	0.8563
2390	78.0	1500345728	0.8563
2395	79.0	1500398464	0.8563
2400	80.0	1500398464	0.8563
2405	78.0	1500398464	0.8563
2410	79.0	1500345728	0.8563
2415	78.0	1500398464	0.8563
2421	79.0	1500398464	0.8563
2426	79.0	1500345728	0.8563
2431	79.0	1500398464	0.8563
2436	77.0	1500345728	0.8563
2441	79.0	1500345728	0.8563
2446	79.0	1500345728	0.8563
2452	78.0	1500398464	0.8563
2457	78.0	1500345728	0.8563
2462	79.0	1500398464	0.8563
2467	79.0	1500398464	0.8563
2472	79.0	1500345728	0.8563
2477	79.0	1500345728	0.8563
2483	79.0	1500345728	0.8563
2488	78.0	1500345728	0.8563
2493	79.0	1500345728	0.8563
2498	80.0	1500345728	0.8563
2503	79.0	1500345728	0.8563
2508	80.0	1500345728	0.8563
2514	79.0	1500345728	0.8563
2519	78.0	1500345728	0.8563
2524	78.0	1500345728	0.8563
2529	79.0	1500345728	0.8563
2534	79.0	1500398464	0.8563
2539	78.0	1500345728	0.8563
2544	79.0	1500398464	0.8563
2550	79.0	1500345728	0.8563
2555	79.0	1500398464	0.8563
2560	79.0	1500345728	0.8563
2565	80.0	1500398464	0.8563
2570	78.0	1500345728	0.8563
2576	78.0	1500345728	0.8563
2581	79.0	1500345728	0.8563
2586	78.0	1500398464	0.8563
2591	78.0	1500345728	0.8563
2596	79.0	1500345728	0.8563
2601	79.0	1500345728	0.8563
2606	80.0	1500345728	0.8563
2612	79.0	1500398464	0.8563
2617	78.0	1500345728	0.8563
2622	79.0	1500398464	0.8563
2627	78.0	1500345728	0.8563
2632	78.0	1500345728	0.8563
2637	79.0	1500398464	0.8563
2642	78.0	1500345728	0.8563
2648	79.0	1500398464	0.8563
2653	79.0	1500345728	0.8563
2658	79.0	1500398464	0.8563
2663	79.0	1500345728	0.8563
2668	80.0	1500345728	0.8563
2673	79.0	1500398464	0.8563
2678	79.0	1500345728	0.8563
2684	80.0	1500398464	0.8563
2689	79.0	1500345728	0.8563
2694	79.0	1500398464	0.8563
2699	79.0	1500345728	0.8563
2704	80.0	1500345728	0.8563
2709	79.0	1500398464	0.8563
2715	79.0	1500398464	0.8563
2720	79.0	1500398464	0.8563
2725	80.0	1500345728	0.8563
2730	80.0	1500398464	0.8563
2735	78.0	1500398464	0.8563
2740	79.0	1500345728	0.8563
2745	78.0	1500345728	0.8563
2751	79.0	1500398464	0.8563
2756	77.0	1500345728	0.8563
2761	78.0	1500345728	0.8563
2766	78.0	1500398464	0.8563
2771	78.0	1500345728	0.8563
2776	79.0	1500398464	0.8563
2781	80.0	1500398464	0.8563
2787	78.0	1500345728	0.8563
2792	79.0	1500345728	0.8563
2797	79.0	1500345728	0.8563
2802	79.0	1500345728	0.8563
2807	79.0	1500345728	0.8563
2812	79.0	1500398464	0.8563
2817	78.0	1500398464	0.8563
2823	79.0	1500345728	0.8563
2828	80.0	1500345728	0.8563
2833	79.0	1500345728	0.8563
2838	79.0	1500345728	0.8563
2843	80.0	1500345728	0.8563
2848	79.0	1500345728	0.8563
2854	78.0	1500345728	0.8563
2859	80.0	1500398464	0.8563
2864	78.0	1500345728	0.8563
2869	79.0	1500345728	0.8563
2874	79.0	1500345728	0.8563
2879	79.0	1500345728	0.8563
2884	79.0	1500398464	0.8563
2890	79.0	1500345728	0.8563
2895	78.0	1500345728	0.8563
2900	79.0	1500398464	0.8563
2905	79.0	1500398464	0.8563
2910	79.0	1500345728	0.8563
2915	79.0	1500398464	0.8563
2921	79.0	1500398464	0.8563
2926	79.0	1500398464	0.8563
2931	79.0	1500398464	0.8563
2936	80.0	1500345728	0.8563
2941	79.0	1500345728	0.8563
2946	79.0	1500398464	0.8563
2951	78.0	1500345728	0.8563
2957	77.0	1500398464	0.8563
2962	79.0	1500345728	0.8563
2967	79.0	1500398464	0.8563
2972	79.0	1500345728	0.8563
2977	77.0	1500345728	0.8563
2982	75.0	1500345728	0.8563
2987	73.0	750199232	0.8563
2992	72.0	750146496	0.8563
2997	73.0	1500398464	0.8563
3002	73.0	1500345728	0.8563
3007	72.0	1500398464	0.8563
3012	73.0	1500345728	0.8563
3017	75.0	1500345728	0.8563
3023	77.0	1500345728	0.8563
3028	75.0	1500345728	0.8563
3033	76.0	1500398464	0.8563
3038	76.0	1500345728	0.8563
3043	77.0	1500345728	0.8563
3048	76.0	1500345728	0.8563
3053	76.0	1500345728	0.8563
3058	76.0	1500345728	0.8563
3064	77.0	1500345728	0.8563
3069	77.0	1500398464	0.8563
3074	78.0	1500345728	0.8563
3079	77.0	1500398464	0.8563
3084	76.0	1500398464	0.8563
3089	78.0	1500345728	0.8563
3095	78.0	1500345728	0.8563
3100	77.0	1500345728	0.8563
3105	77.0	1500398464	0.8563
3110	78.0	1500398464	0.8563
3115	78.0	1500398464	0.8563
3120	78.0	1500398464	0.8563
3125	78.0	1500398464	0.8563
3131	78.0	1500345728	0.8563
3136	77.0	1500398464	0.8563
3141	78.0	1500345728	0.8563
3146	78.0	1500398464	0.8563
3151	77.0	1500345728	0.8563
3156	79.0	1500345728	0.8563
3161	79.0	1500345728	0.8563
3166	78.0	1500398464	0.8563
3171	78.0	1500398464	0.8563
3176	78.0	1500398464	0.8563
